1606839456 25630
1606840014 25691
1606846305 26097
1606846375 26139
1606896523 26214
1606899496 26237
1606911660 26237
1606911709 26237
1606911722 26237
1606911733 26237
1606911757 26237
1606911766 26237
1606911775 26237
1606911796 25250
1606911808 25250
1606911817 25250
1606911967 25250
1606912048 25250
1606912101 25336
1606912214 25336
1606912601 25336
1606912676 25336
1606912952 25338
1606913023 25338
1606913039 25338
1606913075 25338
1606913494 25362
1606913822 25402
1606914296 25406
1606914916 25515
1606916152 25700
1606923484 26196
1606923527 26328
1606925197 26343
1606927443 26343
1606927553 26343
1606934691 26343
1606935217 26395
1606935248 26506
1606935834 26508
1606935909 26509
1606936037 26513
1606936088 26512
1606936125 26513
1606936251 26512
1606936278 26472
1606936304 26454
1606936333 26507
1606936355 26499
1606936380 26491
1606936382 26572
1606936431 26572
1606936529 26578
1606936601 27538
1606941704 27543
1606941929 27546
1606942472 27547
1606942523 27547
